0 2 31 743
0 25 923 349
0 16 177 735
0 26 1332 782
0 13 478 1358
0 40 285 777
0 21 201 1400
0 23 869 0
0 4 819 573
0 37 1148 820
0 30 14 790
0 12 444 1404
0 39 378 1253
0 22 414 406
0 35 1347 151
1 26 823 1134
1 38 75 395
1 9 1022 1379
1 11 1066 60
1 30 281 316
1 22 182 698
1 19 293 1166
1 25 969 281
1 35 490 868
1 18 1210 852
1 27 430 1340
1 29 1191 1302
1 21 1374 1364
1 10 1024 578
1 34 680 900
1 5 870 1066
1 6 788 871
2 31 107 517
2 30 988 1417
2 35 583 293
2 24 235 170
2 17 644 428
2 16 532 722
2 20 737 559
2 27 1363 275
2 39 325 420
2 13 1408 969
2 38 811 272
2 5 1360 281
2 9 478 589
2 18 1113 545
2 4 411 1223
2 34 556 198
3 22 1198 469
3 19 380 1332
3 13 699 97
3 33 397 1127
3 2 322 402
3 14 631 483
3 0 918 1120
3 39 40 33
3 21 818 690
3 23 497 952
3 32 1359 774
4 0 342 661
4 5 1115 756
4 1 1341 1120
4 14 1384 55
4 38 1158 103
4 15 1203 176
4 7 291 884
4 28 414 1330
4 21 740 214
4 36 1172 375
4 32 637 706
4 25 61 237
4 2 1130 237
4 13 489 1140
4 10 1419 899
4 3 1404 569
4 8 53 1269
5 9 442 1003
5 11 1022 792
5 12 449 391
6 19 1161 1369
6 3 560 1289
6 7 142 105
6 14 469 361
6 8 1160 561
6 12 746 197
6 21 368 1204
6 15 782 414
6 11 215 1431
6 16 509 1173
6 32 447 713
6 38 488 523
6 22 867 1048
6 1 249 243
7 30 1007 235
7 38 663 744
7 22 15 618
7 35 701 793
7 33 541 301
8 12 1293 817
8 17 772 1239
9 34 834 741
9 6 1325 513
9 3 1132 766
9 35 160 1189
9 19 415 454
9 33 624 1372
9 8 1154 784
9 5 154 1335
9 14 1015 1149
9 32 461 789
9 22 460 587
9 30 658 375
9 7 831 745
9 27 597 849
9 0 1082 1056
9 20 1037 761
9 16 957 1152
9 23 951 1088
10 23 879 1137
10 28 267 1108
10 37 871 31
10 3 408 206
10 18 493 1036
10 16 1055 1158
10 7 118 558
11 35 138 1083
11 14 960 1289
11 37 576 1252
11 15 916 114
11 0 1229 1004
11 5 1117 300
11 40 516 1347
11 1 602 1222
11 38 229 640
11 26 234 1193
11 18 1352 976
11 36 1289 912
11 19 432 1290
11 6 596 643
11 32 44 758
12 34 359 398
12 5 422 1339
12 13 739 411
12 26 488 980
12 39 308 718
12 29 315 823
12 0 463 581
12 20 196 591
12 16 559 430
12 25 399 1079
12 30 341 539
12 11 1301 349
12 33 290 1165
12 18 502 701
12 37 636 506
12 17 1427 783
12 36 681 1440
12 15 82 734
12 6 811 217
12 35 1108 361
12 9 494 1143
12 7 1074 129
12 4 961 812
12 21 185 1058
12 38 690 901
12 23 47 87
12 3 896 1208
12 31 1037 1048
12 2 53 895
12 14 1438 371
12 19 486 700
12 10 809 636
12 8 1047 969
12 1 164 265
13 4 1394 327
13 37 16 517
13 35 125 1254
13 20 705 477
13 33 71 832
13 17 220 4
13 15 408 628
13 26 1376 1439
13 25 636 1135
13 9 574 418
13 5 1048 686
13 21 42 1222
13 18 311 317
13 8 616 563
13 36 1400 52
13 34 190 1050
13 40 244 374
13 11 748 708
13 16 822 248
13 12 67 1223
13 19 228 1401
13 32 873 606
13 39 268 1360
14 37 398 617
14 26 524 1145
14 36 380 1005
14 18 789 1423
14 40 464 1406
14 20 1123 77
14 10 827 1086
14 7 1217 112
14 31 1260 940
14 5 21 591
14 34 363 550
14 8 290 294
14 35 1374 29
14 38 282 422
14 1 1171 866
14 0 685 1228
14 21 58 1005
14 27 1386 702
14 25 837 8
14 4 628 139
15 29 761 941
15 27 791 603
16 23 376 934
16 36 1410 832
16 8 1336 919
16 15 636 163
16 38 626 1115
16 9 292 934
16 25 783 1065
16 13 941 312
16 21 1269 756
16 26 1012 1420
16 11 1344 743
16 29 1200 405
16 0 1317 366
16 4 1190 14
16 35 1344 866
16 19 767 558
16 12 684 66
16 2 631 990
16 24 344 930
16 3 957 1324
17 3 1246 224
17 5 597 800
17 32 422 644
17 37 915 1027
17 7 284 201
17 16 5 596
17 2 1186 627
17 39 289 1047
18 2 730 176
19 17 935 89
19 32 438 386
19 39 609 1208
19 13 457 788
19 36 706 81
19 0 981 1264
19 9 83 1015
19 29 1405 821
19 27 115 1393
19 31 340 208
19 2 421 1257
19 8 1209 1347
19 23 1006 177
20 0 1373 793
20 18 1070 548
20 14 448 97
20 30 731 331
21 12 555 722
21 9 637 407
21 27 748 441
21 7 60 3
21 28 1332 525
21 26 941 606
21 2 29 78
21 13 1358 419
21 24 910 943
21 6 460 30
21 1 881 1145
21 4 1279 1337
22 31 583 591
22 3 1209 482
22 0 993 161
22 7 1093 1439
22 18 608 1338
22 13 1067 1228
22 25 1074 1170
22 39 1109 811
22 8 39 219
22 29 482 773
22 17 1387 751
22 23 264 223
23 32 71 470
23 19 787 37
23 15 65 1119
23 0 337 617
23 28 1111 1403
23 29 118 1392
23 26 1146 1117
23 10 336 718
23 4 1044 1004
23 39 250 512
23 9 379 1124
23 21 1007 809
23 35 639 50
23 6 508 885
23 27 291 1289
23 3 1222 711
23 2 374 66
23 8 737 434
23 36 278 399
23 22 8 95
23 24 1040 1052
23 18 81 1198
23 40 993 693
24 39 876 1376
24 9 1114 1139
24 10 777 830
24 11 1016 1129
24 31 735 1334
24 22 668 1262
24 34 710 1394
24 30 691 48
24 8 960 940
24 36 1418 961
24 32 1342 870
24 37 60 475
24 23 648 844
24 16 365 1296
24 1 194 736
24 40 294 323
25 28 1421 380
25 38 923 549
25 14 645 26
25 29 462 930
25 15 1205 390
25 16 629 656
25 26 1283 1099
25 22 1189 993
25 40 1004 791
25 34 547 1431
25 37 1048 541
25 36 1427 16
25 11 494 1355
25 5 827 147
25 24 110 591
25 30 1250 935
25 9 751 1246
25 7 990 1028
25 35 68 474
25 3 163 1017
25 10 611 139
25 23 1233 1248
26 35 416 1392
26 34 972 1433
26 22 1333 346
26 30 814 639
26 17 1094 1180
26 11 96 1000
27 14 574 998
27 12 56 435
27 34 1372 1273
27 1 136 877
27 15 804 936
27 22 598 1029
27 25 915 64
27 10 847 1128
27 33 133 1078
27 5 260 354
27 39 25 1300
27 19 1181 1193
27 3 920 95
27 16 764 1276
27 29 125 1022
27 30 396 1245
27 38 1014 449
27 9 1237 418
27 35 199 776
27 36 1207 805
27 20 554 572
28 26 868 1119
28 14 242 273
28 12 1229 1021
28 1 183 1324
28 23 1396 1088
28 35 1081 753
28 31 1350 551
28 29 1126 540
28 19 50 1416
28 7 223 827
28 32 738 540
28 6 1214 230
28 18 1192 401
28 21 350 704
28 36 742 1376
28 40 10 1174
29 31 114 907
29 13 295 1207
29 9 157 963
29 36 1330 277
29 14 402 1370
29 38 222 817
29 23 666 226
29 1 939 650
30 25 83 1121
30 3 263 694
30 37 771 429
30 0 888 1190
30 31 1292 340
30 22 1036 1148
31 15 800 185
31 13 731 354
31 11 674 1262
31 38 517 1038
31 20 644 240
31 16 1056 1224
31 3 956 1388
31 32 1382 13
31 8 1059 1204
31 0 476 1018
31 37 889 284
31 23 960 1169
31 7 307 1115
31 34 1143 765
31 12 930 668
31 19 1198 471
31 26 678 561
31 22 1201 1247
31 24 616 456
31 29 1019 1165
31 1 839 54
31 36 33 1046
31 2 954 172
31 25 1142 912
31 17 1105 35
31 6 185 671
31 27 754 502
32 39 656 864
32 26 975 236
32 30 840 1255
32 19 398 1188
32 34 150 612
32 11 992 16
32 25 1250 338
32 40 85 76
32 12 1326 886
32 22 64 381
32 23 640 553
32 35 520 756
32 7 359 402
32 5 918 1176
32 37 812 298
33 7 536 439
33 5 1419 422
33 32 338 806
33 9 100 390
33 27 1099 85
33 40 1230 380
33 28 401 921
33 15 840 180
33 24 113 797
33 13 408 245
33 0 58 1130
33 31 542 281
33 35 857 702
33 36 408 908
33 10 235 861
33 6 181 934
33 18 663 331
33 23 707 1132
33 17 245 1325
33 19 1374 845
33 34 1352 723
33 4 1114 260
33 37 1301 1148
34 13 1015 1406
34 37 112 888
34 40 395 204
34 27 968 735
34 38 792 84
34 4 418 683
34 21 415 958
34 19 1364 888
35 38 404 151
35 33 604 81
36 37 842 1224
36 39 1145 548
36 40 82 359
36 12 31 298
36 38 333 1361
36 8 266 1203
36 24 298 108
36 16 453 371
36 32 330 677
36 33 817 114
36 15 1169 267
36 26 513 1214
36 5 103 1239
36 11 72 935
36 21 482 682
36 19 548 503
37 17 311 802
37 31 1336 152
37 23 1091 1172
37 30 416 1103
37 2 545 816
37 38 1119 1038
37 14 274 8
37 39 80 933
37 34 437 890
37 35 1042 170
37 18 524 839
37 0 154 1164
37 1 1024 637
37 24 246 330
37 27 1233 475
37 21 163 517
37 40 1430 707
37 13 189 697
37 10 1252 791
38 6 621 1282
38 16 31 1356
38 15 1166 657
38 32 1229 878
38 8 66 787
38 39 633 1055
38 19 1018 241
38 10 59 725
39 31 571 689
39 37 49 637
39 2 755 713
39 9 1052 1166
39 8 23 487
39 17 405 903
39 19 69 534
39 28 851 819
39 13 1261 1018
39 26 778 554
39 38 17 566
39 1 323 888
39 33 756 900
39 21 1112 1101
39 27 15 1434
39 25 1085 1332
39 34 575 1423
39 32 227 276
39 12 900 473
39 36 48 1359
39 40 1020 1011
39 11 831 148
39 22 1244 480
39 6 714 1328
40 34 1394 298
40 28 859 299
40 31 583 26
40 19 566 877
40 33 252 431
40 0 1206 987
40 36 876 707
40 27 1162 919
40 6 801 514
40 18 695 158
40 14 827 1294
0 2 1116 85
0 25 595 1435
0 16 1091 296
0 26 79 1146
0 13 519 161
0 40 309 20
0 21 1262 925
0 23 1357 1331
0 4 1090 518
0 37 688 1085
0 30 131 1339
0 12 329 376
0 39 1314 219
0 22 1177 1185
0 35 986 608
1 26 1299 98
1 38 650 832
1 9 1412 875
1 11 609 824
1 30 441 954
1 22 957 249
1 19 274 690
1 25 464 185
1 35 705 971
1 18 665 1172
1 27 240 1288
1 29 422 186
1 21 321 979
1 10 108 1097
1 34 1083 208
1 5 121 804
1 6 1082 1100
2 31 1379 1029
2 30 237 612
2 35 815 141
2 24 866 643
2 17 226 963
2 16 989 1117
2 20 1167 81
2 27 807 1344
2 39 911 1406
2 13 255 538
2 38 1162 1366
2 5 1095 779
2 9 68 1119
2 18 1067 111
2 4 1124 731
2 34 952 1249
3 22 1372 1287
3 19 375 673
3 13 605 312
3 33 678 773
3 2 1045 778
3 14 1304 181
3 0 183 694
3 39 820 23
3 21 299 69
3 23 814 252
3 32 393 6
4 0 1403 510
4 5 1341 529
4 1 487 219
4 14 302 140
4 38 205 1047
4 15 752 318
4 7 1392 855
4 28 1073 1233
4 21 1204 389
4 36 223 1011
4 32 856 773
4 25 896 685
4 2 1226 938
4 13 856 82
4 10 555 901
4 3 227 986
4 8 1057 149
5 9 91 236
5 11 832 869
5 12 1255 817
6 19 906 1171
6 3 510 118
6 7 406 1177
6 14 1393 790
6 8 1026 604
6 12 110 820
6 21 67 889
6 15 1307 633
6 11 6 1266
6 16 458 730
6 32 392 345
6 38 1292 553
6 22 98 950
6 1 907 360
7 30 736 876
7 38 668 532
7 22 258 71
7 35 1268 1409
7 33 88 706
8 12 65 270
8 17 81 1031
9 34 693 598
9 6 975 333
9 3 1385 382
9 35 79 242
9 19 1333 911
9 33 246 1067
9 8 494 271
9 5 122 866
9 14 1117 917
9 32 445 51
9 22 222 216
9 30 1192 677
9 7 588 1012
9 27 468 617
9 0 1020 483
9 20 799 1385
9 16 452 1052
9 23 1194 785
10 23 1423 178
10 28 592 371
10 37 531 506
10 3 93 1221
10 18 919 640
10 16 1185 977
10 7 643 1386
11 35 1302 1226
11 14 649 1382
11 37 576 1352
11 15 65 1159
11 0 425 1006
11 5 495 25
11 40 280 403
11 1 702 1256
11 38 930 1419
11 26 575 867
11 18 873 598
11 36 1437 1411
11 19 1378 872
11 6 1132 1413
11 32 89 109
12 34 988 54
12 5 1323 1195
12 13 1387 1171
12 26 1019 515
12 39 570 447
12 29 1179 143
12 0 436 1036
12 20 1296 1033
12 16 411 286
12 25 581 1012
12 30 792 1290
12 11 1059 1135
12 33 130 773
12 18 1225 1021
12 37 67 942
12 17 406 556
12 36 960 1049
12 15 1322 310
12 6 1264 133
12 35 410 913
12 9 1145 952
12 7 753 845
12 4 1065 678
12 21 517 1092
12 38 469 125
12 23 551 199
12 3 753 64
12 31 641 25
12 2 1150 394
12 14 1348 560
12 19 686 857
12 10 924 675
12 8 349 820
12 1 310 93
13 4 487 340
13 37 666 380
13 35 1177 1151
13 20 604 821
13 33 1334 752
13 17 803 1164
13 15 636 794
13 26 1323 1383
13 25 724 428
13 9 75 1169
13 5 1079 900
13 21 550 1150
13 18 995 561
13 8 1412 530
13 36 1252 765
13 34 249 431
13 40 1148 1122
13 11 679 1051
13 16 293 451
13 12 1426 962
13 19 137 354
13 32 295 848
13 39 646 399
14 37 250 480
14 26 1138 1091
14 36 1399 784
14 18 946 145
14 40 862 1164
14 20 1207 1144
14 10 68 506
14 7 167 455
14 31 326 542
14 5 1293 530
14 34 415 979
14 8 785 824
14 35 268 828
14 38 1339 217
14 1 630 438
14 0 983 571
14 21 1042 357
14 27 606 391
14 25 947 1015
14 4 425 401
15 29 459 496
15 27 854 1440
16 23 848 954
16 36 824 1055
16 8 1349 1436
16 15 1389 830
16 38 923 136
16 9 1140 754
16 25 485 1250
16 13 383 101
16 21 822 237
16 26 81 979
16 11 85 743
16 29 672 363
16 0 677 582
16 4 427 900
16 35 188 712
16 19 888 287
16 12 470 390
16 2 1093 57
16 24 307 956
16 3 532 343
17 3 60 1137
17 5 1402 886
17 32 1231 1109
17 37 112 553
17 7 1223 979
17 16 161 318
17 2 385 426
17 39 118 1275
18 2 639 903
19 17 1373 411
19 32 943 442
19 39 487 1240
19 13 646 902
19 36 911 1166
19 0 583 723
19 9 1080 1045
19 29 13 1242
19 27 312 842
19 31 338 297
19 2 188 296
19 8 1247 1272
19 23 289 1039
20 0 133 93
20 18 1332 1280
20 14 264 853
20 30 406 939
21 12 1375 662
21 9 1259 637
21 27 856 1315
21 7 395 1003
21 28 1327 951
21 26 1254 613
21 2 1213 279
21 13 122 319
21 24 1386 401
21 6 973 89
21 1 1411 1059
21 4 1103 664
22 31 738 62
22 3 1309 1392
22 0 1440 27
22 7 292 310
22 18 484 345
22 13 1155 1122
22 25 1053 529
22 39 255 781
22 8 1309 1341
22 29 1324 128
22 17 690 533
22 23 403 1009
23 32 1018 398
23 19 1236 131
23 15 134 54
23 0 541 12
23 28 320 1270
23 29 370 391
23 26 723 886
23 10 1410 1405
23 4 38 226
23 39 438 252
23 9 1237 1205
23 21 866 687
23 35 64 98
23 6 121 302
23 27 517 844
23 3 615 1403
23 2 1382 404
23 8 1355 83
23 36 826 1334
23 22 1316 168
23 24 1397 1371
23 18 1190 620
23 40 420 317
24 39 91 808
24 9 1040 95
24 10 535 81
24 11 260 330
24 31 279 362
24 22 500 998
24 34 143 1225
24 30 1392 968
24 8 802 58
24 36 528 1434
24 32 1002 1340
24 37 134 9
24 23 1004 463
24 16 590 1325
24 1 619 1131
24 40 559 1286
25 28 1237 1226
25 38 1 602
25 14 940 1406
25 29 801 1053
25 15 290 876
25 16 345 870
25 26 854 446
25 22 530 1203
25 40 240 869
25 34 861 1381
25 37 136 324
25 36 186 1401
25 11 926 1095
25 5 1287 282
25 24 8 741
25 30 996 1323
25 9 1232 1385
25 7 1421 470
25 35 1377 232
25 3 758 27
25 10 183 1183
25 23 287 902
26 35 903 734
26 34 671 242
26 22 896 87
26 30 253 1026
26 17 1265 524
26 11 1350 148
27 14 1181 454
27 12 157 895
27 34 781 1357
27 1 429 622
27 15 731 632
27 22 1372 857
27 25 912 539
27 10 454 575
27 33 973 559
27 5 857 979
27 39 379 625
27 19 442 873
27 3 10 223
27 16 1304 894
27 29 1313 1200
27 30 1011 126
27 38 1048 811
27 9 527 136
27 35 797 1265
27 36 142 1133
27 20 884 1126
28 26 839 45
28 14 1438 421
28 12 888 860
28 1 894 785
28 23 1199 862
28 35 1112 925
28 31 340 59
28 29 39 827
28 19 1049 968
28 7 1051 843
28 32 31 327
28 6 12 341
28 18 1152 955
28 21 282 853
28 36 990 782
28 40 1074 1059
29 31 793 923
29 13 617 111
29 9 1149 329
29 36 1383 664
29 14 510 1171
29 38 357 1425
29 23 861 421
29 1 374 414
30 25 1154 955
30 3 969 413
30 37 1025 853
30 0 1149 170
30 31 367 1280
30 22 926 805
31 15 892 590
31 13 401 1037
31 11 549 872
31 38 520 988
31 20 125 61
31 16 1406 1104
31 3 810 888
31 32 1021 933
31 8 479 820
31 0 309 280
31 37 606 531
31 23 1239 546
31 7 1270 1128
31 34 943 473
31 12 122 41
31 19 4 718
31 26 99 829
31 22 1381 654
31 24 442 221
31 29 1426 634
31 1 698 895
31 36 923 330
31 2 623 228
31 25 1359 1250
31 17 312 331
31 6 838 1290
31 27 1181 1140
32 39 1236 1348
32 26 444 488
32 30 903 727
32 19 1127 4
32 34 1084 1146
32 11 1434 258
32 25 330 786
32 40 79 1324
32 12 924 1181
32 22 241 323
32 23 1431 796
32 35 1279 874
32 7 1216 804
32 5 212 407
32 37 1132 649
33 7 404 407
33 5 663 517
33 32 663 54
33 9 150 455
33 27 116 157
33 40 925 1325
33 28 185 337
33 15 1364 17
33 24 329 1374
33 13 1085 1272
33 0 780 1101
33 31 17 691
33 35 290 304
33 36 283 1349
33 10 468 136
33 6 849 433
33 18 365 400
33 23 928 389
33 17 519 1225
33 19 106 64
33 34 1311 452
33 4 790 1398
33 37 185 98
34 13 1316 1263
34 37 227 146
34 40 467 1364
34 27 776 1303
34 38 381 194
34 4 1341 199
34 21 80 356
34 19 119 602
35 38 1194 155
35 33 807 1403
36 37 773 102
36 39 1112 456
36 40 1149 1234
36 12 19 1317
36 38 492 355
36 8 1409 1046
36 24 461 202
36 16 1281 262
36 32 1209 811
36 33 996 276
36 15 893 230
36 26 1354 202
36 5 431 1076
36 11 370 903
36 21 1276 1239
36 19 444 318
37 17 723 1289
37 31 545 890
37 23 352 42
37 30 1003 832
37 2 1045 422
37 38 937 576
37 14 874 1065
37 39 1113 509
37 34 505 963
37 35 283 541
37 18 969 63
37 0 150 1216
37 1 526 210
37 24 330 674
37 27 1141 277
37 21 34 1132
37 40 1076 1319
37 13 204 239
37 10 818 222
38 6 554 529
38 16 746 422
38 15 520 1220
38 32 1009 830
38 8 212 903
38 39 828 480
38 19 610 1077
38 10 57 480
39 31 1377 27
39 37 676 874
39 2 106 2
39 9 743 259
39 8 16 889
39 17 235 622
39 19 741 122
39 28 843 1428
39 13 1175 140
39 26 357 758
39 38 201 965
39 1 936 324
39 33 31 1292
39 21 872 410
39 27 203 424
39 25 1097 110
39 34 1220 16
39 32 274 1104
39 12 787 1126
39 36 1183 1007
39 40 132 845
39 11 183 1063
39 22 1273 279
39 6 376 1086
40 34 1129 1001
40 28 256 862
40 31 1347 981
40 19 28 403
40 33 883 766
40 0 1279 607
40 36 1086 824
40 27 711 652
40 6 1148 1318
40 18 1090 879
40 14 1161 768
0 2 494 274
0 25 247 1238
0 16 782 614
0 26 713 1319
0 13 335 38
0 40 268 538
0 21 676 32
0 23 41 524
0 4 32 1219
0 37 608 1286
0 30 1333 1436
0 12 245 382
0 39 471 970
0 22 99 1217
0 35 110 848
1 26 1418 1256
1 38 1147 1348
1 9 858 1173
1 11 1208 390
1 30 280 682
1 22 1270 1414
1 19 237 784
1 25 625 293
1 35 684 1178
1 18 410 1087
1 27 872 561
1 29 669 843
1 21 74 870
1 10 1437 1209
1 34 404 160
1 5 792 593
1 6 1075 206
2 31 1358 702
2 30 476 799
2 35 49 648
2 24 56 554
2 17 1069 1425
2 16 80 551
2 20 398 563
2 27 280 1358
2 39 676 784
2 13 658 378
2 38 534 1199
2 5 847 733
2 9 1021 391
2 18 981 703
2 4 1128 1158
2 34 885 125
3 22 815 561
3 19 1423 578
3 13 1149 56
3 33 1281 817
3 2 128 786
3 14 1083 167
3 0 1057 1400
3 39 783 958
3 21 992 319
3 23 1162 661
3 32 111 1313
4 0 681 908
4 5 1278 1201
4 1 769 464
4 14 617 45
4 38 1277 543
4 15 729 1161
4 7 879 112
4 28 1184 530
4 21 422 401
4 36 682 1075
4 32 425 1005
4 25 592 592
4 2 463 125
4 13 1036 826
4 10 1220 475
4 3 584 1273
4 8 1224 1243
5 9 994 451
5 11 1404 494
5 12 730 1088
6 19 495 446
6 3 757 850
6 7 701 1065
6 14 353 1366
6 8 1337 13
6 12 725 1302
6 21 576 565
6 15 1110 1341
6 11 85 1173
6 16 176 657
6 32 569 556
6 38 319 1195
6 22 440 825
6 1 1319 234
7 30 834 1342
7 38 1341 11
7 22 1055 566
7 35 1331 1322
7 33 116 1109
8 12 295 102
8 17 316 1170
9 34 1088 122
9 6 597 1101
9 3 174 374
9 35 100 342
9 19 44 970
9 33 1114 161
9 8 1353 576
9 5 23 891
9 14 1243 1076
9 32 657 594
9 22 157 774
9 30 1286 919
9 7 1246 1285
9 27 1439 602
9 0 939 202
9 20 588 127
9 16 168 316
9 23 310 151
10 23 74 161
10 28 98 528
10 37 1377 1167
10 3 844 1043
10 18 1 157
10 16 1087 1113
10 7 419 417
11 35 870 1404
11 14 1046 549
11 37 405 1174
11 15 812 416
11 0 100 801
11 5 1389 639
11 40 1229 1400
11 1 197 1335
11 38 542 611
11 26 43 440
11 18 941 552
11 36 1072 1184
11 19 1161 1079
11 6 1247 609
11 32 1408 1066
12 34 552 1154
12 5 616 904
12 13 1160 456
12 26 90 1068
12 39 1413 616
12 29 1103 1243
12 0 992 1109
12 20 390 507
12 16 465 1074
12 25 413 460
12 30 1435 1127
12 11 327 1068
12 33 319 1039
12 18 852 1384
12 37 1081 686
12 17 981 1127
12 36 1291 988
12 15 1174 137
12 6 1048 181
12 35 652 1224
12 9 361 849
12 7 1020 926
12 4 1330 20
12 21 845 499
12 38 1149 320
12 23 735 147
12 3 30 355
12 31 550 1158
12 2 1432 889
12 14 188 462
12 19 248 522
12 10 386 1208
12 8 698 330
12 1 126 305
13 4 779 607
13 37 1342 343
13 35 727 1143
13 20 356 1105
13 33 375 771
13 17 1003 1133
13 15 71 14
13 26 255 1184
13 25 1027 1195
13 9 1175 795
13 5 1266 972
13 21 557 617
13 18 1318 428
13 8 1425 659
13 36 811 425
13 34 363 361
13 40 746 822
13 11 1170 453
13 16 783 951
13 12 442 826
13 19 431 503
13 32 250 584
13 39 1135 923
14 37 30 1250
14 26 882 140
14 36 1035 1311
14 18 24 568
14 40 691 1179
14 20 309 889
14 10 1269 299
14 7 620 131
14 31 975 707
14 5 846 484
14 34 457 735
14 8 1093 1159
14 35 1436 1000
14 38 611 1392
14 1 1323 1381
14 0 625 50
14 21 18 212
14 27 276 356
14 25 93 789
14 4 1229 188
15 29 1010 894
15 27 90 1413
16 23 813 744
16 36 842 998
16 8 413 199
16 15 1409 616
16 38 314 255
16 9 148 1163
16 25 1394 932
16 13 1100 1036
16 21 709 855
16 26 912 901
16 11 54 637
16 29 1035 168
16 0 288 395
16 4 1077 269
16 35 667 625
16 19 1175 158
16 12 430 774
16 2 1280 838
16 24 778 252
16 3 213 1132
17 3 981 1411
17 5 617 344
17 32 549 1343
17 37 497 886
17 7 271 906
17 16 1102 1366
17 2 607 331
17 39 1392 105
18 2 1280 764
19 17 123 1310
19 32 1311 457
19 39 214 498
19 13 305 1399
19 36 1235 473
19 0 1280 836
19 9 702 1217
19 29 653 340
19 27 431 1238
19 31 524 443
19 2 66 459
19 8 1229 109
19 23 1439 786
20 0 1382 1301
20 18 87 564
20 14 843 124
20 30 681 969
21 12 94 23
21 9 610 673
21 27 1140 1007
21 7 516 1212
21 28 967 1080
21 26 1173 837
21 2 726 868
21 13 335 1210
21 24 1362 1169
21 6 691 1124
21 1 915 120
21 4 19 595
22 31 288 1170
22 3 811 1341
22 0 521 321
22 7 880 614
22 18 425 774
22 13 577 342
22 25 849 867
22 39 228 741
22 8 707 217
22 29 740 387
22 17 608 332
22 23 1201 853
23 32 992 205
23 19 941 262
23 15 1014 333
23 0 492 1167
23 28 790 637
23 29 1042 508
23 26 441 986
23 10 482 700
23 4 1136 1160
23 39 1165 1420
23 9 1198 1031
23 21 1243 1012
23 35 887 1372
23 6 711 1427
23 27 482 1008
23 3 942 78
23 2 287 108
23 8 1178 602
23 36 784 393
23 22 1154 946
23 24 207 907
23 18 633 484
23 40 80 149
24 39 604 92
24 9 1346 228
24 10 170 1243
24 11 1162 1413
24 31 948 471
24 22 46 1352
24 34 446 1146
24 30 1128 138
24 8 1240 749
24 36 264 410
24 32 1045 985
24 37 154 1125
24 23 1403 835
24 16 1257 934
24 1 241 857
24 40 1370 1192
25 28 1271 578
25 38 1026 247
25 14 739 211
25 29 882 557
25 15 855 609
25 16 619 189
25 26 287 437
25 22 31 307
25 40 447 603
25 34 914 971
25 37 1010 1174
25 36 320 1177
25 11 238 527
25 5 228 313
25 24 656 289
25 30 928 33
25 9 792 191
25 7 861 654
25 35 988 686
25 3 120 924
25 10 1214 663
25 23 17 613
26 35 1071 1236
26 34 308 1178
26 22 720 345
26 30 1434 89
26 17 13 1169
26 11 760 1413
27 14 1137 250
27 12 507 1075
27 34 265 821
27 1 575 977
27 15 887 696
27 22 458 1268
27 25 1217 1314
27 10 996 1319
27 33 523 972
27 5 506 479
27 39 652 980
27 19 125 932
27 3 1174 933
27 16 79 1391
27 29 1245 78
27 30 1409 627
27 38 714 1380
27 9 924 1351
27 35 687 59
27 36 1126 1113
27 20 1412 408
28 26 667 925
28 14 1149 1033
28 12 69 225
28 1 1251 1194
28 23 1295 1211
28 35 1008 1125
28 31 1012 1003
28 29 50 772
28 19 1085 746
28 7 504 424
28 32 825 473
28 6 1181 1015
28 18 746 896
28 21 996 574
28 36 819 1055
28 40 1414 1204
29 31 191 1313
29 13 1047 105
29 9 146 2
29 36 92 1177
29 14 1255 301
29 38 1155 852
29 23 585 1423
29 1 292 1262
30 25 841 461
30 3 366 1147
30 37 529 1278
30 0 882 769
30 31 218 712
30 22 1143 838
31 15 1372 916
31 13 263 527
31 11 1335 292
31 38 235 325
31 20 1030 286
31 16 1054 304
31 3 473 999
31 32 178 679
31 8 362 287
31 0 332 179
31 37 492 206
31 23 1330 1285
31 7 1113 238
31 34 99 1326
31 12 556 1172
31 19 672 559
31 26 939 1313
31 22 134 1149
31 24 84 385
31 29 1139 1369
31 1 1303 1004
31 36 1032 729
31 2 358 599
31 25 1261 824
31 17 20 940
31 6 265 267
31 27 157 456
32 39 533 15
32 26 1410 966
32 30 1250 455
32 19 836 861
32 34 353 125
32 11 1252 380
32 25 1276 23
32 40 1116 405
32 12 788 414
32 22 1084 1066
32 23 766 1426
32 35 1168 1075
32 7 308 1339
32 5 941 1065
32 37 1074 92
33 7 1312 1317
33 5 736 1331
33 32 785 1185
33 9 1391 909
33 27 275 489
33 40 720 1168
33 28 220 5
33 15 14 1312
33 24 1006 97
33 13 117 129
33 0 130 339
33 31 256 14
33 35 89 809
33 36 438 136
33 10 455 1222
33 6 1343 772
33 18 1035 206
33 23 909 561
33 17 712 8
33 19 626 589
33 34 126 1083
33 4 490 672
33 37 965 1231
34 13 1202 1263
34 37 884 963
34 40 1047 898
34 27 1015 765
34 38 1154 1319
34 4 1110 1122
34 21 1346 1126
34 19 156 373
35 38 247 22
35 33 701 1164
36 37 1352 68
36 39 813 188
36 40 174 1219
36 12 918 94
36 38 522 631
36 8 1003 1145
36 24 1110 255
36 16 1253 499
36 32 1165 294
36 33 307 1227
36 15 140 138
36 26 138 509
36 5 59 878
36 11 453 1243
36 21 114 288
36 19 1201 551
37 17 429 1244
37 31 1054 613
37 23 342 1061
37 30 721 1400
37 2 932 364
37 38 295 1354
37 14 1264 734
37 39 513 1262
37 34 693 69
37 35 605 1196
37 18 561 664
37 0 1375 545
37 1 116 566
37 24 674 997
37 27 659 142
37 21 388 480
37 40 1240 460
37 13 1001 1276
37 10 516 1304
38 6 733 211
38 16 29 591
38 15 126 144
38 32 1124 433
38 8 1165 677
38 39 380 767
38 19 106 1150
38 10 624 1334
39 31 432 521
39 37 1290 1351
39 2 698 1273
39 9 1263 35
39 8 674 1152
39 17 743 185
39 19 556 466
39 28 945 1118
39 13 1256 584
39 26 1146 708
39 38 886 1036
39 1 6 1061
39 33 207 894
39 21 513 1387
39 27 1119 1299
39 25 240 1247
39 34 680 877
39 32 128 137
39 12 1220 576
39 36 1072 697
39 40 850 119
39 11 437 638
39 22 250 156
39 6 1235 515
40 34 307 1154
40 28 1345 1312
40 31 120 78
40 19 967 94
40 33 1363 833
40 0 405 631
40 36 145 1272
40 27 1305 319
40 6 1278 524
40 18 874 896
40 14 975 1139
0 2 924 502
0 25 1166 1401
0 16 1228 1435
0 26 840 1381
0 13 818 1152
0 40 610 152
0 21 455 7
0 23 1293 495
0 4 797 861
0 37 1166 85
0 30 565 837
0 12 1307 294
0 39 710 712
0 22 1251 270
0 35 1088 1070
1 26 771 524
1 38 1427 1056
1 9 317 617
1 11 594 145
1 30 1208 266
1 22 421 971
1 19 427 710
1 25 973 1050
1 35 938 1283
1 18 1343 1170
1 27 539 191
1 29 473 447
1 21 1129 1198
1 10 758 685
1 34 1310 1130
1 5 717 56
1 6 1413 861
2 31 876 73
2 30 1175 225
2 35 675 621
2 24 420 654
2 17 620 628
2 16 91 1430
2 20 977 76
2 27 499 213
2 39 195 579
2 13 760 1090
2 38 639 462
2 5 685 150
2 9 1318 13
2 18 51 1070
2 4 1241 1297
2 34 164 797
3 22 403 437
3 19 38 588
3 13 887 986
3 33 713 341
3 2 507 1065
3 14 757 1267
3 0 696 916
3 39 640 807
3 21 605 59
3 23 1353 1340
3 32 977 1339
4 0 1427 95
4 5 74 353
4 1 915 137
4 14 878 474
4 38 1242 598
4 15 25 418
4 7 1351 374
4 28 1131 374
4 21 1186 1265
4 36 900 1415
4 32 339 913
4 25 950 1114
4 2 1145 1022
4 13 681 292
4 10 947 465
4 3 1034 436
4 8 174 1025
5 9 860 86
5 11 129 764
5 12 650 866
6 19 1274 40
6 3 182 379
6 7 739 46
6 14 180 1156
6 8 815 327
6 12 544 205
6 21 1068 775
6 15 1032 45
6 11 864 259
6 16 687 1226
6 32 398 1045
6 38 204 459
6 22 444 1252
6 1 1430 887
7 30 1148 155
7 38 226 127
7 22 782 692
7 35 127 962
7 33 1009 449
8 12 222 248
8 17 62 1021
9 34 749 814
9 6 420 514
9 3 130 661
9 35 850 779
9 19 44 1386
9 33 18 933
9 8 822 1362
9 5 840 1236
9 14 1293 1399
9 32 1244 973
9 22 1365 59
9 30 627 1327
9 7 276 327
9 27 508 1197
9 0 1095 285
9 20 406 709
9 16 1063 396
9 23 628 1382
10 23 1395 823
10 28 155 179
10 37 389 1003
10 3 1164 225
10 18 669 428
10 16 1052 1043
10 7 270 686
11 35 191 740
11 14 1169 820
11 37 987 554
11 15 776 733
11 0 647 554
11 5 280 251
11 40 763 132
11 1 992 367
11 38 1224 669
11 26 728 1358
11 18 77 110
11 36 1165 517
11 19 1220 695
11 6 582 747
11 32 1173 1078
12 34 23 255
12 5 573 1074
12 13 207 518
12 26 1056 200
12 39 1335 137
12 29 255 770
12 0 334 548
12 20 833 1171
12 16 1407 470
12 25 1272 160
12 30 822 828
12 11 1310 669
12 33 1269 1330
12 18 57 1195
12 37 1352 1127
12 17 1125 527
12 36 1438 1059
12 15 1059 828
12 6 1276 903
12 35 263 317
12 9 100 1249
12 7 116 720
12 4 19 808
12 21 446 792
12 38 879 961
12 23 1141 1336
12 3 568 245
12 31 943 573
12 2 277 1102
12 14 221 1301
12 19 346 435
12 10 387 1246
12 8 907 890
12 1 708 408
13 4 293 143
13 37 184 1271
13 35 0 971
13 20 619 596
13 33 92 17
13 17 1131 706
13 15 988 991
13 26 222 1342
13 25 1393 100
13 9 1023 386
13 5 1364 1022
13 21 545 232
13 18 1111 234
13 8 1290 1434
13 36 94 406
13 34 1179 452
13 40 358 112
13 11 1293 947
13 16 1085 1390
13 12 398 1323
13 19 869 771
13 32 1117 1159
13 39 330 1253
14 37 164 516
14 26 16 1117
14 36 1376 362
14 18 1172 919
14 40 613 244
14 20 1171 37
14 10 168 1288
14 7 984 816
14 31 590 489
14 5 388 984
14 34 1004 483
14 8 575 842
14 35 370 412
14 38 1100 916
14 1 1389 881
14 0 128 578
14 21 692 1029
14 27 277 405
14 25 1187 165
14 4 740 896
15 29 1276 1332
15 27 85 537
16 23 815 1297
16 36 862 1051
16 8 283 521
16 15 212 210
16 38 757 282
16 9 587 1117
16 25 546 1079
16 13 530 1051
16 21 244 914
16 26 834 1170
16 11 586 1353
16 29 1384 1073
16 0 684 483
16 4 426 1426
16 35 210 850
16 19 753 1232
16 12 257 94
16 2 223 52
16 24 0 769
16 3 198 563
17 3 939 142
17 5 1306 567
17 32 720 375
17 37 59 575
17 7 553 940
17 16 453 15
17 2 1177 169
17 39 345 427
18 2 883 1232
19 17 1229 537
19 32 266 222
19 39 477 1325
19 13 1040 536
19 36 687 1246
19 0 786 1312
19 9 164 579
19 29 415 355
19 27 358 910
19 31 1205 1053
19 2 99 768
19 8 748 1241
19 23 1419 1134
20 0 1367 1101
20 18 1420 634
20 14 660 1234
20 30 85 1279
21 12 1436 1059
21 9 635 1319
21 27 637 719
21 7 924 215
21 28 1398 947
21 26 355 1426
21 2 1042 663
21 13 815 767
21 24 699 836
21 6 1282 1178
21 1 1020 903
21 4 64 822
22 31 723 703
22 3 388 360
22 0 663 678
22 7 179 1291
22 18 625 418
22 13 857 379
22 25 938 145
22 39 902 896
22 8 732 662
22 29 1047 938
22 17 551 673
22 23 1019 77
23 32 637 505
23 19 759 340
23 15 1119 79
23 0 1258 234
23 28 1244 1359
23 29 207 831
23 26 145 479
23 10 650 866
23 4 1015 283
23 39 803 82
23 9 545 1309
23 21 808 337
23 35 1334 1263
23 6 626 188
23 27 923 1062
23 3 635 745
23 2 721 168
23 8 936 1228
23 36 137 1381
23 22 1134 604
23 24 894 534
23 18 1023 516
23 40 2 127
24 39 960 548
24 9 1146 1354
24 10 1309 1276
24 11 663 1273
24 31 1340 307
24 22 631 1172
24 34 1041 1101
24 30 68 1160
24 8 908 1149
24 36 663 1312
24 32 70 1016
24 37 458 1269
24 23 282 634
24 16 867 1428
24 1 1185 1417
24 40 528 11
25 28 1349 1257
25 38 629 528
25 14 646 870
25 29 1103 1222
25 15 5 1082
25 16 943 1338
25 26 793 348
25 22 524 1173
25 40 1023 949
25 34 561 664
25 37 1359 1310
25 36 538 1077
25 11 177 635
25 5 273 215
25 24 134 507
25 30 930 855
25 9 634 530
25 7 523 450
25 35 1086 1302
25 3 1281 747
25 10 557 1081
25 23 1288 967
26 35 295 1137
26 34 356 1094
26 22 190 836
26 30 1165 1345
26 17 584 1
26 11 1399 979
27 14 1437 297
27 12 934 1385
27 34 1106 1189
27 1 1417 226
27 15 354 1068
27 22 424 955
27 25 780 1360
27 10 761 108
27 33 320 921
27 5 1133 275
27 39 1274 1210
27 19 95 875
27 3 821 1341
27 16 107 429
27 29 622 5
27 30 948 1062
27 38 872 1177
27 9 328 245
27 35 838 1022
27 36 1210 618
27 20 177 951
28 26 1405 1073
28 14 64 1119
28 12 626 1103
28 1 974 693
28 23 37 470
28 35 688 1281
28 31 239 153
28 29 1195 305
28 19 764 1018
28 7 892 581
28 32 1365 356
28 6 1167 465
28 18 1127 1207
28 21 323 869
28 36 556 1059
28 40 634 713
29 31 461 1431
29 13 1282 973
29 9 1166 461
29 36 1074 649
29 14 322 1403
29 38 374 1049
29 23 1419 35
29 1 41 1262
30 25 1085 1281
30 3 518 243
30 37 475 1130
30 0 304 178
30 31 636 244
30 22 630 1181
31 15 116 285
31 13 643 1088
31 11 479 1152
31 38 665 766
31 20 1004 540
31 16 522 161
31 3 320 1362
31 32 131 1085
31 8 580 32
31 0 337 960
31 37 326 303
31 23 1098 1011
31 7 908 952
31 34 1132 1062
31 12 1194 382
31 19 1391 1094
31 26 159 412
31 22 681 667
31 24 975 1271
31 29 496 77
31 1 818 893
31 36 409 486
31 2 363 1394
31 25 360 609
31 17 959 629
31 6 691 119
31 27 1426 1167
32 39 979 951
32 26 485 789
32 30 882 109
32 19 162 1105
32 34 260 1410
32 11 514 1278
32 25 48 72
32 40 1313 976
32 12 955 730
32 22 274 1373
32 23 1009 1420
32 35 7 1221
32 7 612 363
32 5 935 669
32 37 841 1015
33 7 526 684
33 5 1106 716
33 32 1195 1313
33 9 1415 104
33 27 805 1123
33 40 23 1290
33 28 604 202
33 15 441 419
33 24 174 894
33 13 1134 931
33 0 336 52
33 31 654 1174
33 35 666 1107
33 36 1194 1204
33 10 301 1217
33 6 714 35
33 18 1003 785
33 23 239 1260
33 17 365 335
33 19 1394 170
33 34 757 468
33 4 744 378
33 37 170 721
34 13 192 322
34 37 333 395
34 40 533 1367
34 27 742 735
34 38 732 1152
34 4 1421 231
34 21 308 1076
34 19 244 99
35 38 1355 608
35 33 142 1130
36 37 964 528
36 39 821 361
36 40 1007 1169
36 12 1226 382
36 38 301 1109
36 8 1048 783
36 24 364 491
36 16 1197 661
36 32 737 319
36 33 705 867
36 15 420 824
36 26 1398 1105
36 5 456 213
36 11 782 537
36 21 221 1387
36 19 361 532
37 17 1153 465
37 31 1218 101
37 23 1431 999
37 30 663 262
37 2 574 893
37 38 308 259
37 14 508 480
37 39 712 1408
37 34 1181 1092
37 35 1204 271
37 18 188 919
37 0 178 746
37 1 851 276
37 24 1110 67
37 27 451 1309
37 21 1294 131
37 40 1151 805
37 13 574 867
37 10 462 1097
38 6 820 1171
38 16 397 1044
38 15 1237 883
38 32 920 654
38 8 1244 400
38 39 595 1117
38 19 167 837
38 10 1239 1214
39 31 1211 119
39 37 943 716
39 2 476 67
39 9 1274 851
39 8 876 175
39 17 736 855
39 19 46 197
39 28 1313 839
39 13 665 1025
39 26 1405 1327
39 38 426 591
39 1 1324 1268
39 33 92 890
39 21 1068 558
39 27 712 1381
39 25 620 560
39 34 458 259
39 32 1188 1374
39 12 838 1244
39 36 682 681
39 40 151 1376
39 11 636 729
39 22 123 707
39 6 211 1160
40 34 1271 458
40 28 1073 973
40 31 1083 271
40 19 235 211
40 33 1114 586
40 0 501 976
40 36 678 56
40 27 855 668
40 6 425 1323
40 18 949 433
40 14 352 684
0 2 1038 20
0 25 349 937
0 16 1093 469
0 26 254 694
0 13 7 659
0 40 1090 473
0 21 1114 971
0 23 787 528
0 4 982 1213
0 37 1159 1027
0 30 1085 474
0 12 122 169
0 39 461 9
0 22 1324 1050
0 35 462 708
1 26 548 553
1 38 1313 150
1 9 128 257
1 11 137 560
1 30 46 173
1 22 875 84
1 19 326 781
1 25 696 1045
1 35 390 76
1 18 205 73
1 27 158 568
1 29 39 482
1 21 58 383
1 10 443 1360
1 34 905 1290
1 5 429 382
1 6 80 373
2 31 1421 172
2 30 294 934
2 35 868 944
2 24 762 1144
2 17 1014 893
2 16 574 1169
2 20 523 1307
2 27 1111 446
2 39 572 1066
2 13 126 492
2 38 1426 1045
2 5 24 337
2 9 410 779
2 18 1118 986
2 4 1149 1290
2 34 305 1069
3 22 11 73
3 19 358 1075
3 13 1393 9
3 33 513 552
3 2 1163 632
3 14 565 501
3 0 97 1035
3 39 708 1230
3 21 909 1364
3 23 629 972
3 32 886 66
4 0 1104 107
4 5 293 837
4 1 60 53
4 14 732 1353
4 38 333 35
4 15 903 614
4 7 1031 1031
4 28 830 1347
4 21 466 1244
4 36 665 1113
4 32 998 561
4 25 1334 1313
4 2 353 254
4 13 608 953
4 10 1320 97
4 3 671 1129
4 8 1359 501
5 9 598 813
5 11 1389 1209
5 12 319 515
6 19 970 218
6 3 1250 1380
6 7 116 1300
6 14 254 353
6 8 163 38
6 12 247 524
6 21 112 5
6 15 1180 808
6 11 26 657
6 16 261 376
6 32 546 883
6 38 354 200
6 22 87 836
6 1 422 972
7 30 898 1413
7 38 294 119
7 22 814 117
7 35 238 933
7 33 275 963
8 12 153 1090
8 17 366 1120
9 34 517 584
9 6 1078 53
9 3 1402 1363
9 35 1003 769
9 19 1195 803
9 33 820 614
9 8 752 725
9 5 14 1236
9 14 545 1200
9 32 1063 1319
9 22 607 854
9 30 796 583
9 7 425 393
9 27 1310 741
9 0 809 241
9 20 1189 305
9 16 1314 879
9 23 949 368
10 23 131 1367
10 28 28 1301
10 37 494 241
10 3 337 1014
10 18 878 36
10 16 1304 959
10 7 107 939
11 35 1412 289
11 14 22 1236
11 37 1164 87
11 15 865 965
11 0 650 361
11 5 1377 1236
11 40 830 499
11 1 701 291
11 38 486 378
11 26 1129 100
11 18 273 1120
11 36 842 945
11 19 904 686
11 6 637 622
11 32 605 1287
12 34 292 951
12 5 1363 1325
12 13 275 11
12 26 1288 999
12 39 1266 1239
12 29 1289 1251
12 0 276 41
12 20 651 1373
12 16 1035 16
12 25 720 1331
12 30 638 1050
12 11 677 1207
12 33 389 1246
12 18 1108 1230
12 37 558 709
12 17 972 824
12 36 736 393
12 15 639 31
12 6 696 797
12 35 643 508
12 9 1379 143
12 7 1049 414
12 4 1195 1061
12 21 1100 842
12 38 565 1375
12 23 718 1032
12 3 1220 1234
12 31 1148 584
12 2 407 377
12 14 117 64
12 19 1251 455
12 10 285 64
12 8 245 1041
12 1 389 786
13 4 923 322
13 37 1233 242
13 35 609 322
13 20 1396 191
13 33 709 1430
13 17 1337 1148
13 15 1169 708
13 26 1117 574
13 25 823 1308
13 9 982 738
13 5 659 81
13 21 611 338
13 18 302 135
13 8 1416 1275
13 36 1344 626
13 34 1371 915
13 40 554 1146
13 11 268 551
13 16 369 180
13 12 1416 140
13 19 297 1420
13 32 38 140
13 39 1353 754
14 37 329 481
14 26 314 528
14 36 154 969
14 18 1313 1072
14 40 657 1352
14 20 1275 813
14 10 1291 564
14 7 770 760
14 31 1194 787
14 5 821 1069
14 34 1307 591
14 8 479 706
14 35 869 1067
14 38 939 1412
14 1 1342 445
14 0 679 218
14 21 379 617
14 27 103 1136
14 25 1162 293
14 4 114 725
15 29 1371 943
15 27 895 361
16 23 482 1254
16 36 890 905
16 8 312 444
16 15 672 1040
16 38 537 95
16 9 1124 1018
16 25 835 793
16 13 695 1034
16 21 276 910
16 26 386 1014
16 11 796 1379
16 29 25 529
16 0 754 51
16 4 515 1056
16 35 1324 1229
16 19 920 464
16 12 1247 5
16 2 260 544
16 24 1133 950
16 3 441 514
17 3 156 398
17 5 1381 408
17 32 1194 226
17 37 222 95
17 7 1004 1074
17 16 1066 812
17 2 1388 741
17 39 1367 1003
18 2 196 578
19 17 387 546
19 32 507 1150
19 39 610 1224
19 13 619 1126
19 36 349 1047
19 0 599 868
19 9 309 641
19 29 327 822
19 27 1164 826
19 31 64 1221
19 2 1137 812
19 8 951 668
19 23 931 794
20 0 1416 736
20 18 1401 1128
20 14 18 207
20 30 133 812
21 12 618 605
21 9 1180 26
21 27 54 1276
21 7 1060 24
21 28 742 242
21 26 1321 939
21 2 356 110
21 13 523 1437
21 24 1418 601
21 6 748 1341
21 1 167 989
21 4 1440 165
22 31 317 432
22 3 1287 873
22 0 954 364
22 7 212 1022
22 18 216 779
22 13 665 937
22 25 599 1029
22 39 1202 36
22 8 679 1327
22 29 185 257
22 17 1320 1217
22 23 1234 77
23 32 319 12
23 19 565 1026
23 15 209 31
23 0 1210 531
23 28 615 556
23 29 1408 1100
23 26 1122 1120
23 10 805 772
23 4 1334 980
23 39 1313 588
23 9 1305 745
23 21 268 350
23 35 1299 120
23 6 4 1241
23 27 992 209
23 3 1308 1367
23 2 14 363
23 8 443 23
23 36 1030 1237
23 22 580 582
23 24 1387 675
23 18 1225 868
23 40 667 93
24 39 1327 1142
24 9 580 1155
24 10 836 775
24 11 1107 687
24 31 294 271
24 22 1065 561
24 34 188 918
24 30 539 1106
24 8 1028 574
24 36 752 840
24 32 1198 1111
24 37 1315 923
24 23 352 485
24 16 1076 1339
24 1 234 31
24 40 325 967
25 28 896 576
25 38 334 313
25 14 1069 1062
25 29 1141 517
25 15 272 93
25 16 976 436
25 26 717 559
25 22 778 1166
25 40 909 592
25 34 152 1064
25 37 1097 810
25 36 495 670
25 11 557 529
25 5 1334 1254
25 24 30 861
25 30 1072 594
25 9 684 881
25 7 964 556
25 35 800 757
25 3 257 1003
25 10 59 214
25 23 433 564
26 35 952 1175
26 34 1172 21
26 22 485 1225
26 30 1111 574
26 17 1422 94
26 11 931 453
27 14 426 1202
27 12 243 1291
27 34 442 535
27 1 842 993
27 15 123 784
27 22 534 1373
27 25 707 1378
27 10 1371 115
27 33 933 1233
27 5 18 1205
27 39 536 1266
27 19 1005 971
27 3 985 1242
27 16 504 51
27 29 819 270
27 30 353 295
27 38 1302 482
27 9 295 1008
27 35 183 982
27 36 537 63
27 20 1146 583
28 26 25 185
28 14 282 125
28 12 407 381
28 1 1319 1239
28 23 513 651
28 35 1400 1225
28 31 1440 1335
28 29 212 968
28 19 264 1
28 7 877 1232
28 32 116 1218
28 6 1316 346
28 18 519 908
28 21 874 1055
28 36 1066 1058
28 40 802 379
29 31 517 561
29 13 731 869
29 9 650 1046
29 36 1124 321
29 14 746 287
29 38 301 559
29 23 1139 1342
29 1 12 257
30 25 1335 14
30 3 1145 1348
30 37 252 936
30 0 1339 221
30 31 116 912
30 22 1047 319
31 15 1403 868
31 13 1290 1217
31 11 1317 363
31 38 533 200
31 20 458 1136
31 16 801 303
31 3 1083 227
31 32 882 14
31 8 894 607
31 0 1042 177
31 37 1404 1046
31 23 1312 577
31 7 611 1093
31 34 481 311
31 12 588 489
31 19 510 797
31 26 439 371
31 22 575 551
31 24 1270 622
31 29 657 285
31 1 12 1375
31 36 209 1350
31 2 37 108
31 25 916 944
31 17 1129 1292
31 6 1171 91
31 27 669 123
32 39 1281 1309
32 26 104 943
32 30 736 733
32 19 742 32
32 34 495 1346
32 11 1117 1399
32 25 175 539
32 40 80 1167
32 12 1048 1125
32 22 345 757
32 23 221 277
32 35 379 31
32 7 686 1078
32 5 1090 1440
32 37 1153 615
33 7 840 773
33 5 925 659
33 32 833 660
33 9 1323 908
33 27 542 502
33 40 739 847
33 28 159 1001
33 15 892 1291
33 24 594 378
33 13 717 980
33 0 396 1285
33 31 366 1075
33 35 980 82
33 36 61 245
33 10 1324 1010
33 6 1293 112
33 18 609 38
33 23 134 1106
33 17 122 1073
33 19 1180 164
33 34 1186 808
33 4 429 596
33 37 1231 1042
34 13 511 538
34 37 13 317
34 40 1239 269
34 27 1155 23
34 38 296 961
34 4 992 788
34 21 80 78
34 19 1298 306
35 38 996 595
35 33 937 978
36 37 491 274
36 39 1237 409
36 40 418 991
36 12 695 41
36 38 215 63
36 8 806 460
36 24 1160 586
36 16 1094 834
36 32 573 1309
36 33 1236 1233
36 15 680 399
36 26 764 327
36 5 74 265
36 11 370 163
36 21 178 960
36 19 1062 1182
37 17 1407 1205
37 31 1162 97
37 23 819 604
37 30 139 389
37 2 788 1088
37 38 1306 1437
37 14 1213 1295
37 39 404 1263
37 34 770 905
37 35 557 1334
37 18 617 979
37 0 334 1312
37 1 737 1195
37 24 75 884
37 27 1428 724
37 21 381 231
37 40 123 349
37 13 933 1165
37 10 1217 107
38 6 1082 955
38 16 222 130
38 15 740 474
38 32 857 1088
38 8 387 1053
38 39 294 1233
38 19 656 919
38 10 1178 1144
39 31 927 1185
39 37 1267 110
39 2 399 671
39 9 1020 192
39 8 79 879
39 17 418 1405
39 19 229 1256
39 28 323 671
39 13 819 845
39 26 761 1196
39 38 1058 1163
39 1 1124 1378
39 33 496 3
39 21 136 147
39 27 363 502
39 25 1029 311
39 34 1219 316
39 32 1291 1313
39 12 279 362
39 36 190 675
39 40 280 1088
39 11 589 895
39 22 403 841
39 6 686 22
40 34 471 101
40 28 619 253
40 31 21 1050
40 19 8 417
40 33 1136 562
40 0 903 424
40 36 1380 1098
40 27 846 419
40 6 736 935
40 18 274 227
40 14 293 587
0 2 443 638
0 25 569 1038
0 16 783 104
0 26 808 1017
0 13 1193 1281
0 40 886 1279
0 21 250 460
0 23 239 1287
0 4 1401 325
0 37 1060 563
0 30 708 1058
0 12 777 233
0 39 354 397
0 22 370 250
0 35 125 217
1 26 1423 1028
1 38 1275 627
1 9 569 205
1 11 469 1422
1 30 1356 81
1 22 504 1271
1 19 1429 1050
1 25 1215 1258
1 35 377 171
1 18 1136 496
1 27 1121 186
1 29 886 210
1 21 241 412
1 10 165 361
1 34 998 432
1 5 555 461
1 6 970 870
2 31 1238 820
2 30 865 234
2 35 128 170
2 24 1318 466
2 17 201 1435
2 16 869 307
2 20 1321 350
2 27 1281 56
2 39 851 974
2 13 763 791
2 38 231 218
2 5 1089 117
2 9 1031 620
2 18 1282 1126
2 4 1300 151
2 34 995 599
3 22 879 1325
3 19 920 625
3 13 36 1359
3 33 1059 253
3 2 769 854
3 14 620 800
3 0 594 102
3 39 234 334
3 21 1286 422
3 23 1151 313
3 32 1311 1387
4 0 1055 1296
4 5 390 221
4 1 559 52
4 14 621 27
4 38 953 1239
4 15 784 730
4 7 58 901
4 28 72 254
4 21 953 991
4 36 143 781
4 32 884 737
4 25 44 1035
4 2 588 1409
4 13 113 888
4 10 547 227
4 3 599 1300
4 8 690 79
5 9 501 557
5 11 1399 550
5 12 455 1240
6 19 486 848
6 3 1427 1436
6 7 1223 497
6 14 440 709
6 8 1088 1254
6 12 897 810
6 21 9 1272
6 15 758 519
6 11 514 689
6 16 567 412
6 32 381 554
6 38 1432 983
6 22 1254 1276
6 1 743 168
7 30 99 820
7 38 995 790
7 22 1009 1352
7 35 629 1171
7 33 499 843
8 12 335 976
8 17 1237 249
9 34 340 678
9 6 869 358
9 3 728 1296
9 35 1283 866
9 19 444 151
9 33 536 1201
9 8 1011 169
9 5 636 876
9 14 1140 298
9 32 175 920
9 22 680 291
9 30 305 679
9 7 170 639
9 27 482 1210
9 0 391 73
9 20 1314 823
9 16 87 311
9 23 1237 390
10 23 56 21
10 28 408 1406
10 37 1113 882
10 3 1102 616
10 18 923 277
10 16 47 859
10 7 95 735
11 35 882 149
11 14 412 394
11 37 551 426
11 15 579 989
11 0 380 1143
11 5 57 340
11 40 1357 272
11 1 1071 229
11 38 813 125
11 26 1134 1189
11 18 585 181
11 36 1422 974
11 19 894 194
11 6 1413 700
11 32 938 644
12 34 1173 1440
12 5 84 926
12 13 880 1060
12 26 1329 1017
12 39 1131 348
12 29 1266 1220
12 0 903 1360
12 20 214 1340
12 16 747 209
12 25 315 577
12 30 867 356
12 11 1226 1308
12 33 1283 311
12 18 1141 951
12 37 37 311
12 17 153 1130
12 36 802 1191
12 15 1320 1063
12 6 110 1332
12 35 917 626
12 9 1265 353
12 7 261 868
12 4 1125 751
12 21 1308 537
12 38 1319 90
12 23 972 83
12 3 605 42
12 31 1268 736
12 2 1294 991
12 14 252 786
12 19 287 667
12 10 1395 823
12 8 1052 691
12 1 501 1106
13 4 835 1100
13 37 1007 691
13 35 377 413
13 20 348 1153
13 33 881 880
13 17 848 1220
13 15 1120 1421
13 26 1221 1330
13 25 842 1258
13 9 1386 1017
13 5 63 1018
13 21 183 1371
13 18 812 744
13 8 457 1425
13 36 1298 628
13 34 134 415
13 40 978 867
13 11 1211 1385
13 16 324 1154
13 12 380 793
13 19 153 961
13 32 1243 1168
13 39 688 444
14 37 778 519
14 26 879 636
14 36 671 121
14 18 1113 1326
14 40 1042 1338
14 20 160 748
14 10 124 105
14 7 793 582
14 31 1212 1202
14 5 430 1192
14 34 389 629
14 8 127 956
14 35 772 367
14 38 440 441
14 1 897 683
14 0 516 1077
14 21 1090 954
14 27 825 360
14 25 988 224
14 4 1102 1035
15 29 674 542
15 27 1368 365
16 23 875 1182
16 36 246 263
16 8 734 444
16 15 467 1337
16 38 1140 1204
16 9 903 358
16 25 202 721
16 13 1314 849
16 21 276 65
16 26 521 656
16 11 1182 684
16 29 998 638
16 0 1073 676
16 4 1059 1104
16 35 593 1355
16 19 229 687
16 12 54 1205
16 2 591 200
16 24 927 907
16 3 161 1433
17 3 297 666
17 5 1113 19
17 32 560 1079
17 37 5 917
17 7 53 1026
17 16 697 1065
17 2 560 1239
17 39 876 1373
18 2 1425 1149
19 17 870 284
19 32 789 533
19 39 250 1311
19 13 1418 619
19 36 891 1167
19 0 64 317
19 9 593 730
19 29 620 1340
19 27 631 840
19 31 659 773
19 2 668 662
19 8 85 1393
19 23 29 1184
20 0 624 1175
20 18 500 1337
20 14 472 1053
20 30 990 538
21 12 134 555
21 9 1097 482
21 27 1328 48
21 7 379 398
21 28 1284 65
21 26 478 251
21 2 105 37
21 13 424 79
21 24 124 1424
21 6 970 833
21 1 502 147
21 4 639 1041
22 31 473 501
22 3 183 809
22 0 283 555
22 7 290 991
22 18 525 811
22 13 1209 432
22 25 494 1084
22 39 935 1201
22 8 968 1420
22 29 783 32
22 17 817 59
22 23 60 129
23 32 821 1069
23 19 659 681
23 15 862 429
23 0 123 800
23 28 1333 16
23 29 1338 956
23 26 936 993
23 10 29 640
23 4 1371 1270
23 39 328 342
23 9 331 1192
23 21 1282 1116
23 35 497 1354
23 6 1157 636
23 27 951 1299
23 3 1406 441
23 2 1099 563
23 8 1317 619
23 36 465 34
23 22 927 453
23 24 1052 685
23 18 149 1072
23 40 827 65
24 39 569 300
24 9 1241 651
24 10 857 10
24 11 423 1239
24 31 1298 767
24 22 669 742
24 34 1026 1093
24 30 943 345
24 8 380 260
24 36 619 1020
24 32 184 714
24 37 1043 840
24 23 1438 699
24 16 215 1250
24 1 929 303
24 40 1164 85
25 28 1165 441
25 38 103 732
25 14 1008 309
25 29 1142 779
25 15 1407 358
25 16 893 98
25 26 930 1272
25 22 695 981
25 40 187 292
25 34 1097 386
25 37 780 1359
25 36 1283 1295
25 11 681 138
25 5 1340 471
25 24 1369 466
25 30 902 68
25 9 92 773
25 7 1180 1006
25 35 1016 582
25 3 1426 1329
25 10 755 1272
25 23 245 938
26 35 664 100
26 34 383 1243
26 22 510 30
26 30 1342 1419
26 17 1092 58
26 11 543 460
27 14 460 570
27 12 829 1267
27 34 352 959
27 1 597 1099
27 15 624 497
27 22 50 773
27 25 595 68
27 10 574 562
27 33 887 1361
27 5 1251 435
27 39 513 189
27 19 689 125
27 3 907 70
27 16 697 782
27 29 677 464
27 30 84 527
27 38 672 1391
27 9 676 382
27 35 1051 65
27 36 298 152
27 20 146 409
28 26 1164 435
28 14 1386 727
28 12 504 77
28 1 427 474
28 23 1030 1352
28 35 1388 1017
28 31 1029 443
28 29 1066 710
28 19 782 10
28 7 856 2
28 32 629 585
28 6 582 439
28 18 180 506
28 21 1116 995
28 36 674 819
28 40 1258 701
29 31 408 232
29 13 947 113
29 9 626 829
29 36 1419 480
29 14 1188 1353
29 38 270 170
29 23 1161 137
29 1 1210 943
30 25 254 672
30 3 126 867
30 37 552 1245
30 0 199 1320
30 31 103 1319
30 22 1046 755
31 15 124 108
31 13 786 1078
31 11 1261 1119
31 38 835 1053
31 20 1416 411
31 16 681 1080
31 3 414 1116
31 32 988 805
31 8 943 889
31 0 170 907
31 37 1256 617
31 23 1229 1210
31 7 268 975
31 34 120 853
31 12 95 881
31 19 515 729
31 26 596 165
31 22 470 396
31 24 1216 1282
31 29 71 377
31 1 136 725
31 36 1295 44
31 2 302 892
31 25 1050 654
31 17 540 338
31 6 1362 1267
31 27 528 401
32 39 120 688
32 26 53 603
32 30 282 39
32 19 968 532
32 34 1027 1222
32 11 559 1214
32 25 217 782
32 40 1205 130
32 12 1132 868
32 22 698 230
32 23 815 915
32 35 1378 498
32 7 524 38
32 5 798 1404
32 37 852 94
33 7 797 697
33 5 616 582
33 32 1411 566
33 9 408 860
33 27 413 1383
33 40 1303 750
33 28 102 1197
33 15 691 1126
33 24 976 448
33 13 93 469
33 0 815 547
33 31 1404 618
33 35 50 677
33 36 293 929
33 10 828 424
33 6 565 1299
33 18 374 918
33 23 567 1217
33 17 934 1417
33 19 1431 1304
33 34 1084 1280
33 4 1187 803
33 37 264 528
34 13 612 260
34 37 1282 476
34 40 533 913
34 27 436 69
34 38 292 1080
34 4 318 1251
34 21 250 1302
34 19 875 469
35 38 1227 1211
35 33 838 125
36 37 1265 1012
36 39 259 522
36 40 423 434
36 12 1176 181
36 38 165 39
36 8 726 523
36 24 527 1204
36 16 715 150
36 32 697 516
36 33 1152 455
36 15 28 503
36 26 771 395
36 5 368 1387
36 11 925 132
36 21 1131 470
36 19 344 894
37 17 268 1229
37 31 280 238
37 23 538 692
37 30 1224 155
37 2 100 867
37 38 67 853
37 14 520 1163
37 39 518 1152
37 34 610 987
37 35 975 1440
37 18 1187 376
37 0 1180 809
37 1 975 1048
37 24 553 762
37 27 1115 1035
37 21 963 1270
37 40 1155 371
37 13 376 339
37 10 936 319
38 6 1260 915
38 16 357 109
38 15 1430 677
38 32 1018 141
38 8 789 1351
38 39 692 224
38 19 817 218
38 10 312 991
39 31 401 1128
39 37 719 149
39 2 902 297
39 9 1094 858
39 8 388 44
39 17 889 546
39 19 139 544
39 28 1352 1026
39 13 312 201
39 26 521 405
39 38 1364 981
39 1 250 1142
39 33 721 102
39 21 1137 559
39 27 1067 1140
39 25 349 411
39 34 654 1102
39 32 973 1044
39 12 1393 749
39 36 173 255
39 40 990 629
39 11 164 1262
39 22 849 165
39 6 1203 1347
40 34 118 904
40 28 394 463
40 31 1240 863
40 19 540 1210
40 33 1068 1226
40 0 1384 1075
40 36 509 725
40 27 697 921
40 6 1216 400
40 18 689 346
40 14 702 233
